$ 20 0.000005 10.200277308269968 50 5 50
a 192 160 256 160 1 15 -15 1000000
t 256 160 288 160 0 1 -5.000029665873922 -0.00002966617058047129 100
r 288 176 288 256 0 100
w 192 176 160 176 0
w 160 176 160 256 0
w 160 256 288 256 0
w 288 256 288 288 0
g 288 320 288 352 0
w 192 144 128 144 0
w 288 144 288 96 0
w 288 176 352 176 0
w 288 256 352 256 0
x 366 184 462 187 0 24 SENS HI
x 363 263 467 266 0 24 SENS LO
x 250 84 327 87 0 24 12-32V
x 54 151 118 154 0 24 VREF
x 262 313 312 316 0 24 OUT
